1: 2 4
2: 3 4 5
3: 4
6: 1 2 3 4
7: 1 2
8: 1 2 3 4
9: 1 2 3 4 5
10: 1 2 3
11: 1 2 3 4 5
12: 1
13: 1
14: 1 2
15: 1 2 3
16: 2 3 4 5 6 7 10 11 14 17 18 19 20 22 23 24 25 26
17: 2 3 4 5 10 12 14 16 18 19 21 22 24
18: 1 6 8 10 13 14 15 17 20 21 24 25 26
19: 1 2 6 7 10 12 15 17 18 20 21 24 25 26
20: 2 3 4 5 6 7 8 10 12 14 19 21 22 23 25 26
21: 3 7 10 14 16 17 18 19 20 22 23 24 26
22: 3 5 6 7 10 12 16 17 20 21 23 25
23: 1 2 4 7 8 10 12 13 14 15 16 17 18 21 22 24 25 26
24: 1 3 4 6 7 8 11 13 14 16 17 19 20 21 22 25 26
25: 1 3 4 7 8 10 14 15 17 18 21 26
26: 1 3 4 5 6 10 12 13 14 15 16 17 18 19 20 22 23 25
